0.0171935
0.0171747
0.017156
0.0171374
0.017119
0.0171006
0.0170823
0.0170641
0.017046
0.017028
0.0170101
0.0169923
0.0169746
0.016957
0.0169394
0.016922
0.0169046
0.0168873
0.0168701
0.016853
0.016836
0.0168191
0.0168023
0.0167855
0.0167688
0.0167522
0.0167357
0.0167193
0.016703
0.0166867
0.0166705
0.0166544
0.0166383
0.0166224
0.0166065
0.0165907
0.016575
0.0165593
0.0165437
0.0165282
0.0165128
0.0164974
0.0164821
0.0164669
0.0164518
0.0164367
0.0164217
0.0164067
0.0163919
0.016377
0.0163623
0.0163476
0.016333
0.0163185
0.016304
0.0162896
0.0162752
0.016261
0.0162467
0.0162326
0.0162185
0.0162044
0.0161905
0.0161765
0.0161627
0.0161489
0.0161351
0.0161215
0.0161078
0.0160943
0.0160808
0.0160673
0.0160539
0.0160406
0.0160273
0.0160141
0.0160009
0.0159878
0.0159747
0.0159617
0.0159487
0.0159358
0.015923
0.0159102
0.0158974
0.0158847
0.0158721
0.0158595
0.0158469
0.0158344
0.0158219
0.0158095
0.0157972
0.0157849
0.0157726
0.0157604
0.0157482
0.0157361
0.015724
0.015712
0.0157
0.0156881
0.0156762
0.0156643
0.0156525
0.0156407
0.015629
0.0156173
0.0156057
0.0155941
0.0155825
0.015571
0.0155595
0.0155481
0.0155367
0.0155254
0.0155141
0.0155028
0.0154916
0.0154804
0.0154692
0.0154581
0.015447
0.015436
0.015425
0.015414
0.0154031
0.0153922
0.0153813
0.0153705
0.0153597
0.015349
0.0153383
0.0153276
0.015317
0.0153063
0.0152958
0.0152852
0.0152747
0.0152643
0.0152538
0.0152434
0.015233
0.0152227
0.0152124
0.0152021
0.0151919
0.0151817
0.0151715
0.0151613
0.0151512
0.0151411
0.0151311
0.015121
0.015111
0.0151011
0.0150911
0.0150812
0.0150713
0.0150615
0.0150517
0.0150419
0.0150321
0.0150224
0.0150127
0.015003
0.0149933
0.0149837
0.0149741
0.0149645
0.014955
0.0149454
0.0149359
0.0149265
0.014917
0.0149076
0.0148982
0.0148888
0.0148795
0.0148702
0.0148609
0.0148516
0.0148424
0.0148331
0.0148239
0.0148148
0.0148056
0.0147965
0.0147874
0.0147783
0.0147692
0.0147602
0.0147512
0.0147422
0.0147332
0.0147243
0.0147153
0.0147064
0.0146976
0.0146887
0.0146799
0.014671
0.0146622
0.0146535
0.0146447
0.014636
0.0146272
0.0146185
0.0146099
0.0146012
0.0145926
0.0145839
0.0145753
0.0145668
0.0145582
0.0145497
0.0145411
0.0145326
0.0145241
0.0145157
0.0145072
0.0144988
0.0144904
0.014482
0.0144736
0.0144652
0.0144569
0.0144485
0.0144402
0.0144319
0.0144237
0.0144154
0.0144072
0.0143989
0.0143907
0.0143825
0.0143743
0.0143662
0.014358
0.0143499
0.0143418
0.0143337
0.0143256
0.0143175
0.0143094
0.0143014
0.0142934
0.0142854
0.0142774
0.0142694
0.0142614
0.0142534
0.0142455
0.0142376
0.0142297
0.0142217
0.0142139
0.014206
0.0141981
0.0141903
0.0141824
0.0141746
0.0141668
0.014159
0.0141512
0.0141435
0.0141357
0.014128
0.0141202
0.0141125
0.0141048
0.0140971
0.0140894
0.0140817
0.0140741
0.0140664
0.0140588
0.0140512
0.0140435
0.0140359
0.0140283
0.0140208
0.0140132
0.0140056
0.0139981
0.0139905
0.013983
0.0139755
0.013968
0.0139605
0.013953
0.0139455
0.013938
0.0139306
0.0139231
0.0139157
0.0139083
0.0139008
0.0138934
0.013886
0.0138786
0.0138713
0.0138639
0.0138565
0.0138492
0.0138418
0.0138345
0.0138272
0.0138198
0.0138125
0.0138052
0.0137979
0.0137906
0.0137834
0.0137761
0.0137688
0.0137616
0.0137543
0.0137471
0.0137399
0.0137326
0.0137254
0.0137182
0.013711
0.0137038
0.0136966
0.0136895
0.0136823
0.0136751
0.013668
0.0136608
0.0136537
0.0136466
0.0136394
0.0136323
0.0136252
0.0136181
0.013611
0.0136039
0.0135968
0.0135897
0.0135826
0.0135756
0.0135685
0.0135614
0.0135544
0.0135474
0.0135403
0.0135333
0.0135262
0.0135192
0.0135122
0.0135052
0.0134982
0.0134912
0.0134842
0.0134772
0.0134702
0.0134632
0.0134563
0.0134493
0.0134423
0.0134354
0.0134284
0.0134215
0.0134145
0.0134076
0.0134006
0.0133937
0.0133868
0.0133799
0.013373
0.013366
0.0133591
0.0133522
0.0133453
0.0133384
0.0133315
0.0133246
0.0133178
0.0133109
0.013304
0.0132971
0.0132903
0.0132834
0.0132765
0.0132697
0.0132628
0.013256
0.0132491
0.0132423
0.0132355
0.0132286
0.0132218
0.013215
0.0132081
0.0132013
0.0131945
0.0131877
0.0131809
0.013174
0.0131672
0.0131604
0.0131536
0.0131468
0.01314
0.0131332
0.0131265
0.0131197
0.0131129
0.0131061
0.0130993
0.0130925
0.0130858
0.013079
0.0130722
0.0130654
0.0130587
0.0130519
0.0130451
0.0130384
0.0130316
0.0130249
0.0130181
0.0130114
0.0130046
0.0129979
0.0129911
0.0129844
0.0129776
0.0129709
0.0129641
0.0129574
0.0129507
0.0129439
0.0129372
0.0129305
0.0129237
0.012917
0.0129103
0.0129036
0.0128968
0.0128901
0.0128834
0.0128767
0.0128699
0.0128632
0.0128565
0.0128498
0.0128431
0.0128363
0.0128296
0.0128229
0.0128162
0.0128095
0.0128028
0.0127961
0.0127893
0.0127826
0.0127759
0.0127692
0.0127625
0.0127558
0.0127491
0.0127424
0.0127357
0.012729
0.0127223
0.0127156
0.0127089
0.0127022
0.0126954
0.0126887
0.012682
0.0126753
0.0126686
0.0126619
0.0126552
0.0126485
0.0126418
0.0126351
0.0126284
0.0126217
0.012615
0.0126083
0.0126016
0.0125949
0.0125882
0.0125815
0.0125748
0.0125681
0.0125614
0.0125546
0.0125479
0.0125412
0.0125345
0.0125278
0.0125211
0.0125144
0.0125077
0.012501
0.0124943
0.0124875
0.0124808
0.0124741
0.0124674
0.0124607
0.012454
0.0124473
0.0124405
0.0124338
0.0124271
0.0124204
0.0124137
0.0124069
0.0124002
0.0123935
0.0123868
0.01238
0.0123733
0.0123666
0.0123598
0.0123531
0.0123464
0.0123396
0.0123329
0.0123262
0.0123194
0.0123127
0.012306
0.0122992
0.0122925
0.0122857
0.012279
0.0122722
0.0122655
0.0122587
0.012252
0.0122452
0.0122385
0.0122317
0.012225
0.0122182
0.0122114
0.0122047
0.0121979
0.0121911
0.0121844
0.0121776
0.0121708
0.012164
0.0121573
0.0121505
0.0121437
0.0121369
0.0121301
0.0121234
0.0121166
0.0121098
0.012103
0.0120962
0.0120894
0.0120826
0.0120758
0.012069
0.0120622
0.0120554
0.0120486
0.0120418
0.012035
0.0120281
0.0120213
0.0120145
0.0120077
0.0120009
0.011994
0.0119872
0.0119804
0.0119735
0.0119667
0.0119599
0.011953
0.0119462
0.0119393
0.0119325
0.0119256
0.0119188
0.0119119
0.0119051
0.0118982
0.0118913
0.0118845
0.0118776
0.0118707
0.0118639
0.011857
0.0118501
0.0118432
0.0118363
0.0118295
0.0118226
0.0118157
0.0118088
0.0118019
0.011795
0.0117881
0.0117812
0.0117743
0.0117674
0.0117604
0.0117535
0.0117466
0.0117397
0.0117327
0.0117258
0.0117189
0.011712
0.011705
0.0116981
0.0116911
0.0116842
0.0116772
0.0116703
0.0116633
0.0116564
0.0116494
0.0116424
0.0116355
0.0116285
0.0116215
0.0116145
0.0116076
0.0116006
0.0115936
0.0115866
0.0115796
0.0115726
0.0115656
0.0115586
0.0115516
0.0115446
0.0115376
0.0115305
0.0115235
0.0115165
0.0115095
0.0115024
0.0114954
0.0114884
0.0114813
0.0114743
0.0114672
0.0114602
0.0114531
0.0114461
0.011439
0.0114319
0.0114249
0.0114178
0.0114107
0.0114037
0.0113966
0.0113895
0.0113824
0.0113753
0.0113682
0.0113611
0.011354
0.0113469
0.0113398
0.0113327
0.0113256
0.0113184
0.0113113
0.0113042
0.011297
0.0112899
0.0112828
0.0112756
0.0112685
0.0112613
0.0112542
0.011247
0.0112399
0.0112327
0.0112255
0.0112183
0.0112112
0.011204
0.0111968
0.0111896
0.0111824
0.0111752
0.011168
0.0111608
0.0111536
0.0111464
0.0111392
0.011132
0.0111247
0.0111175
0.0111103
0.0111031
0.0110958
0.0110886
0.0110813
0.0110741
0.0110668
0.0110596
0.0110523
0.011045
0.0110378
0.0110305
0.0110232
0.0110159
0.0110086
0.0110014
0.0109941
0.0109868
0.0109795
0.0109722
0.0109648
0.0109575
0.0109502
0.0109429
0.0109356
0.0109282
0.0109209
0.0109136
0.0109062
0.0108989
0.0108915
0.0108842
0.0108768
0.0108695
0.0108621
0.0108547
0.0108473
0.01084
0.0108326
0.0108252
0.0108178
0.0108104
0.010803
0.0107956
0.0107882
0.0107808
0.0107734
0.0107659
0.0107585
0.0107511
0.0107437
0.0107362
0.0107288
0.0107213
0.0107139
0.0107064
0.010699
0.0106915
0.010684
0.0106766
0.0106691
0.0106616
0.0106541
0.0106467
0.0106392
0.0106317
0.0106242
0.0106167
0.0106092
0.0106016
0.0105941
0.0105866
0.0105791
0.0105716
0.010564
0.0105565
0.0105489
0.0105414
0.0105338
0.0105263
0.0105187
0.0105112
0.0105036
0.010496
0.0104885
0.0104809
0.0104733
0.0104657
0.0104581
0.0104505
0.0104429
0.0104353
0.0104277
0.0104201
0.0104125
0.0104048
0.0103972
0.0103896
0.0103819
0.0103743
0.0103667
0.010359
0.0103514
0.0103437
0.010336
0.0103284
0.0103207
0.010313
0.0103053
0.0102977
0.01029
0.0102823
0.0102746
0.0102669
0.0102592
0.0102515
0.0102438
0.010236
0.0102283
0.0102206
0.0102129
0.0102051
0.0101974
0.0101897
0.0101819
0.0101742
0.0101664
0.0101586
0.0101509
0.0101431
0.0101353
0.0101276
0.0101198
0.010112
0.0101042
0.0100964
0.0100886
0.0100808
0.010073
0.0100652
0.0100574
0.0100496
0.0100417
0.0100339
0.0100261
0.0100182
0.0100104
0.0100025
0.0099947
0.00998684
0.00997898
0.00997112
0.00996326
0.00995538
0.00994751
0.00993963
0.00993175
0.00992386
0.00991597
0.00990807
0.00990017
0.00989227
0.00988436
0.00987645
0.00986853
0.00986061
0.00985268
0.00984476
0.00983682
0.00982888
0.00982094
0.009813
0.00980505
0.00979709
0.00978913
0.00978117
0.0097732
0.00976523
0.00975726
0.00974928
0.00974129
0.00973331
0.00972531
0.00971732
0.00970932
0.00970132
0.00969331
0.00968529
0.00967728
0.00966926
0.00966123
0.0096532
0.00964517
0.00963714
0.00962909
0.00962105
0.009613
0.00960495
0.00959689
0.00958883
0.00958077
0.0095727
0.00956462
0.00955655
0.00954846
0.00954038
0.00953229
0.0095242
0.0095161
0.009508
0.00949989
0.00949179
0.00948367
0.00947556
0.00946743
0.00945931
0.00945118
0.00944305
0.00943491
0.00942677
0.00941863
0.00941048
0.00940233
0.00939417
0.00938601
0.00937785
0.00936968
0.00936151
0.00935333
0.00934515
0.00933697
0.00932878
0.00932059
0.0093124
0.0093042
0.009296
0.00928779
0.00927958
0.00927137
0.00926315
0.00925493
0.0092467
0.00923847
0.00923024
0.00922201
0.00921377
0.00920552
0.00919728
0.00918903
0.00918077
0.00917251
0.00916425
0.00915599
0.00914772
0.00913944
0.00913117
0.00912289
0.0091146
0.00910632
0.00909802
0.00908973
0.00908143
0.00907313
0.00906483
0.00905652
0.0090482
0.00903989
0.00903157
0.00902325
0.00901492
0.00900659
0.00899826
0.00898992
0.00898158
0.00897324
0.00896489
0.00895654
0.00894818
0.00893983
0.00893147
0.0089231
0.00891474
0.00890636
0.00889799
0.00888961
0.00888123
0.00887285
0.00886446
0.00885607
0.00884767
0.00883928
0.00883088
0.00882247
0.00881406
0.00880565
0.00879724
0.00878882
0.0087804
0.00877198
